Ford,V8 221,Flathead,3.6,8,77.79,95.25,6.3,85,144
Ford,V8 239,Flathead,3.9,8,80.96,95.25,6.15,95,170
Ford,V8 136,Flathead,2.2,8,66,81,6.6,60,94
Ford,V8 255,Flathead,4.2,8,80.96,100,6.8,110,200
Ford,V8 337,Flathead,5.5,8,89,111.1,6.15,0,0
Ford,V8 272,Y-Block,4.46,8,92.075,83.82,7.5,162,258
Ford,V8 292,Y-Block,4.77,8,95.25,83.82,7.6,188,272
Cadillac,Type 51,L-head,5.1,8,79.4,130.2,0,83,0
Cadillac,V8 390,390 series,6.4,8,101.6,98.4,0,325,430
Cadillac,V8 429,390 series,7.0,8,104.8,101.6,0,340,480
Cadillac,V8 472,472 series,7.7,8,109.2,103.1,0,375,525
Cadillac,V8 500,472 series,8.2,8,109.2,103.1,10,400,550
Cadillac,4.6L,Northstar,4.6,8,0,0,0,300,300